20 30
32 32
0 0 0 0 0 0 0 0 0 0 0 0 0 0 0 0 0 0 0 0
0 1 1 1 1 1 1 1 1 3 3 3 3 3 3 3 3 3 3 3
0 1 1 1 1 1 1 1 1 3 3 3 3 3 3 3 3 3 3 3
0 1 1 1 1 1 1 1 1 3 3 3 3 3 3 3 3 3 3 3
0 1 1 1 1 1 1 1 1 3 3 3 3 3 3 3 3 3 3 3
0 1 1 1 1 1 1 1 1 3 3 3 3 3 3 3 3 3 3 3
0 1 1 1 1 1 1 1 1 3 3 3 3 3 3 3 3 3 3 3
0 1 1 1 1 1 1 1 1 3 3 3 3 3 3 3 3 3 3 3
0 1 1 1 1 1 1 1 1 3 3 3 3 3 3 3 3 3 3 3
0 1 1 1 1 1 1 1 1 3 3 3 3 3 3 3 3 3 3 3
0 1 1 1 1 1 1 1 1 3 3 3 3 3 3 3 3 3 3 3
0 1 1 1 1 1 1 1 1 3 3 3 3 3 3 3 3 3 3 3
0 1 1 1 1 1 1 1 1 3 3 3 3 3 3 3 3 3 3 3
0 1 1 1 1 1 1 1 1 3 3 3 3 3 3 3 3 3 3 3
0 1 1 1 1 1 1 1 1 3 3 3 3 3 3 3 3 3 3 3
0 1 1 1 1 1 1 1 1 3 3 3 3 3 3 3 3 3 3 3
0 1 1 1 1 1 1 1 1 3 3 3 3 3 3 3 3 3 3 3
0 1 1 1 1 1 1 1 1 3 3 3 3 3 3 3 3 3 3 3
0 1 1 1 1 1 1 1 1 3 3 3 3 3 3 3 3 3 3 3
0 1 1 1 1 1 1 1 1 3 3 3 3 3 3 3 3 3 3 3
0 1 1 1 1 1 1 1 1 3 3 3 3 3 3 3 3 3 3 3
0 1 1 1 1 1 1 1 1 3 3 3 3 3 3 3 3 3 3 3
0 1 1 1 1 1 1 1 1 3 3 3 3 3 3 3 3 3 3 3
0 1 1 1 1 1 1 1 1 3 3 3 3 3 3 3 3 3 3 3
0 1 1 1 1 1 1 1 1 3 3 3 3 3 3 3 3 3 3 3
0 1 1 1 1 1 1 1 1 3 3 3 3 3 3 3 3 3 3 3
0 1 1 1 1 1 1 1 1 3 3 3 3 3 3 3 3 3 3 3
0 1 1 1 1 1 1 1 1 3 3 3 3 3 3 3 3 3 3 3
0 1 1 1 1 1 1 1 1 3 3 3 3 3 3 3 3 3 3 3
0 0 0 0 0 0 0 0 0 0 0 0 0 0 0 0 0 0 0 0